referrer,views_total,views_unique
github.com,1910,444
carbondesignsystem.com,1446,575
Google,1297,585
react.carbondesignsystem.com,564,228
chatgpt.com,105,53
ibm.com,95,34
iconsear.ch,85,47
storybook.js.org,73,13
preview.carbondesignsystem.com,59,27
web-components.carbondesignsystem.com,54,28
